% Intrinsic and Extrinsic Camera Parameters
%
% This script file can be directly excecuted under Matlab to recover the camera intrinsic and extrinsic parameters.
% IMPORTANT: This file contains neither the structure of the calibration objects nor the image coordinates of the calibration points.
%            All those complementary variables are saved in the complete matlab data file Calib_Results.mat.
% For more information regarding the calibration model visit http://www.vision.caltech.edu/bouguetj/calib_doc/


%-- Focal length:
fc = [ 685.881715065968590 ; 684.168407276746170 ];

%-- Principal point:
cc = [ 340.586952501182740 ; 209.510635264903870 ];

%-- Skew coefficient:
alpha_c = 0.000000000000000;

%-- Distortion coefficients:
kc = [ -0.207633306365428 ; 0.147246915654662 ; 0.001060292940525 ; -0.001212637189677 ; 0.000000000000000 ];

%-- Focal length uncertainty:
fc_error = [ 3.543725892767231 ; 3.426904637635630 ];

%-- Principal point uncertainty:
cc_error = [ 3.532914301361598 ; 2.711723248860936 ];

%-- Skew coefficient uncertainty:
alpha_c_error = 0.000000000000000;

%-- Distortion coefficients uncertainty:
kc_error = [ 0.013491801694458 ; 0.068383150364942 ; 0.000868762364871 ; 0.001003702091555 ; 0.000000000000000 ];

%-- Image size:
nx = 640;
ny = 480;


%-- Various other variables (may be ignored if you do not use the Matlab Calibration Toolbox):
%-- Those variables are used to control which intrinsic parameters should be optimized

n_ima = 25;						% Number of calibration images
est_fc = [ 1 ; 1 ];					% Estimation indicator of the two focal variables
est_aspect_ratio = 1;				% Estimation indicator of the aspect ratio fc(2)/fc(1)
center_optim = 1;					% Estimation indicator of the principal point
est_alpha = 0;						% Estimation indicator of the skew coefficient
est_dist = [ 1 ; 1 ; 1 ; 1 ; 0 ];	% Estimation indicator of the distortion coefficients


%-- Extrinsic parameters:
%-- The rotation (omc_kk) and the translation (Tc_kk) vectors for every calibration image and their uncertainties

%-- Image #1:
omc_1 = [ 2.074877e+000 ; 1.900877e+000 ; 1.544565e-001 ];
Tc_1  = [ -1.688430e+002 ; -6.438888e+001 ; 4.923589e+002 ];
omc_error_1 = [ 4.596876e-003 ; 4.947494e-003 ; 9.283834e-003 ];
Tc_error_1  = [ 2.570872e+000 ; 2.000337e+000 ; 2.702364e+000 ];

%-- Image #2:
omc_2 = [ 2.003822e+000 ; 2.167130e+000 ; 3.410769e-001 ];
Tc_2  = [ -1.305133e+002 ; -3.606683e+001 ; 4.073367e+002 ];
omc_error_2 = [ 4.476296e-003 ; 4.017124e-003 ; 8.636774e-003 ];
Tc_error_2  = [ 2.117637e+000 ; 1.660210e+000 ; 2.286047e+000 ];

%-- Image #3:
omc_3 = [ 1.980065e+000 ; 2.136872e+000 ; 2.996283e-001 ];
Tc_3  = [ -1.138596e+002 ; -5.196053e+001 ; 4.541339e+002 ];
omc_error_3 = [ 4.579110e-003 ; 4.452457e-003 ; 8.958225e-003 ];
Tc_error_3  = [ 2.354502e+000 ; 1.830219e+000 ; 2.491994e+000 ];

%-- Image #4:
omc_4 = [ 1.964348e+000 ; 2.114852e+000 ; 2.657816e-001 ];
Tc_4  = [ -4.468690e+001 ; -5.969399e+001 ; 4.752257e+002 ];
omc_error_4 = [ 4.673953e-003 ; 4.324067e-003 ; 8.726218e-003 ];
Tc_error_4  = [ 2.449001e+000 ; 1.884320e+000 ; 2.550668e+000 ];

%-- Image #5:
omc_5 = [ 2.147981e+000 ; 2.208859e+000 ; -6.724307e-004 ];
Tc_5  = [ -1.185579e+002 ; -4.874130e+001 ; 5.286866e+002 ];
omc_error_5 = [ 6.009888e-003 ; 6.141464e-003 ; 1.315032e-002 ];
Tc_error_5  = [ 2.735424e+000 ; 2.116591e+000 ; 2.914240e+000 ];

%-- Image #6:
omc_6 = [ -2.102243e+000 ; -2.113982e+000 ; 3.346260e-001 ];
Tc_6  = [ -1.196986e+002 ; -3.901249e+001 ; 5.408935e+002 ];
omc_error_6 = [ 4.497998e-003 ; 4.424936e-003 ; 8.832938e-003 ];
Tc_error_6  = [ 2.764976e+000 ; 2.156644e+000 ; 2.636883e+000 ];

%-- Image #7:
omc_7 = [ -2.064647e+000 ; -2.055252e+000 ; 4.015207e-001 ];
Tc_7  = [ -1.199204e+002 ; -3.552908e+001 ; 5.450167e+002 ];
omc_error_7 = [ 4.339396e-003 ; 4.123963e-003 ; 8.015254e-003 ];
Tc_error_7  = [ 2.782544e+000 ; 2.173149e+000 ; 2.583637e+000 ];

%-- Image #8:
omc_8 = [ 2.097616e+000 ; 2.232347e+000 ; -2.546542e-003 ];
Tc_8  = [ -1.235242e+002 ; -3.985503e+001 ; 5.112444e+002 ];
omc_error_8 = [ 5.670505e-003 ; 5.944541e-003 ; 1.240437e-002 ];
Tc_error_8  = [ 2.645118e+000 ; 2.051123e+000 ; 2.820455e+000 ];

%-- Image #9:
omc_9 = [ 1.619270e+000 ; 1.901573e+000 ; 6.601704e-001 ];
Tc_9  = [ -9.682420e+001 ; -4.965703e+001 ; 4.516007e+002 ];
omc_error_9 = [ 4.303829e-003 ; 3.895589e-003 ; 6.230231e-003 ];
Tc_error_9  = [ 2.337645e+000 ; 1.815048e+000 ; 2.553800e+000 ];

%-- Image #10:
omc_10 = [ 1.929531e+000 ; 2.128899e+000 ; 4.303614e-001 ];
Tc_10  = [ -1.452991e+002 ; -4.239569e+001 ; 4.425873e+002 ];
omc_error_10 = [ 4.523442e-003 ; 4.230678e-003 ; 8.513357e-003 ];
Tc_error_10  = [ 2.310450e+000 ; 1.808051e+000 ; 2.509282e+000 ];

%-- Image #11:
omc_11 = [ 1.744800e+000 ; 1.740486e+000 ; -4.587605e-001 ];
Tc_11  = [ -1.721781e+002 ; -4.104413e+001 ; 5.280095e+002 ];
omc_error_11 = [ 2.929867e-003 ; 4.496728e-003 ; 6.430658e-003 ];
Tc_error_11  = [ 2.717013e+000 ; 2.146602e+000 ; 2.634748e+000 ];

%-- Image #12:
omc_12 = [ 1.715901e+000 ; 1.728750e+000 ; -4.505652e-001 ];
Tc_12  = [ -1.528688e+002 ; -4.375174e+001 ; 5.464436e+002 ];
omc_error_12 = [ 3.021314e-003 ; 4.483516e-003 ; 6.390350e-003 ];
Tc_error_12  = [ 2.812121e+000 ; 2.204929e+000 ; 2.697614e+000 ];

%-- Image #13:
omc_13 = [ 1.916617e+000 ; 2.069508e+000 ; -7.627163e-002 ];
Tc_13  = [ -1.575704e+002 ; -6.299787e+001 ; 4.989696e+002 ];
omc_error_13 = [ 4.022911e-003 ; 5.207331e-003 ; 8.993027e-003 ];
Tc_error_13  = [ 2.584791e+000 ; 2.018837e+000 ; 2.642473e+000 ];

%-- Image #14:
omc_14 = [ -2.078268e+000 ; -1.876297e+000 ; -4.679414e-001 ];
Tc_14  = [ -1.538560e+002 ; -4.712535e+000 ; 4.587352e+002 ];
omc_error_14 = [ 3.349485e-003 ; 4.269210e-003 ; 7.513438e-003 ];
Tc_error_14  = [ 2.369078e+000 ; 1.862108e+000 ; 2.594400e+000 ];

%-- Image #15:
omc_15 = [ 2.230270e+000 ; 2.198536e+000 ; 7.889850e-002 ];
Tc_15  = [ -1.496675e+002 ; -2.556019e+001 ; 5.065852e+002 ];
omc_error_15 = [ 5.550278e-003 ; 5.197405e-003 ; 1.176272e-002 ];
Tc_error_15  = [ 2.621347e+000 ; 2.047137e+000 ; 2.833476e+000 ];

%-- Image #16:
omc_16 = [ 2.133398e+000 ; 2.181067e+000 ; 1.645463e-001 ];
Tc_16  = [ -8.461343e+001 ; -2.154449e+001 ; 5.077248e+002 ];
omc_error_16 = [ 5.502661e-003 ; 4.712721e-003 ; 1.117525e-002 ];
Tc_error_16  = [ 2.620597e+000 ; 2.027933e+000 ; 2.799595e+000 ];

%-- Image #17:
omc_17 = [ -2.291456e+000 ; -2.106585e+000 ; 1.709100e-001 ];
Tc_17  = [ -1.362935e+002 ; -3.927526e+001 ; 3.938863e+002 ];
omc_error_17 = [ 4.091445e-003 ; 3.599855e-003 ; 8.319542e-003 ];
Tc_error_17  = [ 2.025999e+000 ; 1.587055e+000 ; 2.083369e+000 ];

%-- Image #18:
omc_18 = [ -2.256913e+000 ; -2.040001e+000 ; 2.780074e-001 ];
Tc_18  = [ -1.289207e+002 ; -4.597548e+001 ; 4.408345e+002 ];
omc_error_18 = [ 4.276458e-003 ; 3.569085e-003 ; 8.296996e-003 ];
Tc_error_18  = [ 2.257348e+000 ; 1.763157e+000 ; 2.223864e+000 ];

%-- Image #19:
omc_19 = [ -2.252530e+000 ; -1.943289e+000 ; 2.628452e-001 ];
Tc_19  = [ -1.732732e+002 ; -5.982678e+001 ; 5.300609e+002 ];
omc_error_19 = [ 4.807314e-003 ; 3.569125e-003 ; 8.852937e-003 ];
Tc_error_19  = [ 2.726054e+000 ; 2.142946e+000 ; 2.691888e+000 ];

%-- Image #20:
omc_20 = [ -2.295865e+000 ; -2.015359e+000 ; 2.984734e-002 ];
Tc_20  = [ -1.880822e+002 ; -4.804432e+001 ; 5.617593e+002 ];
omc_error_20 = [ 5.665022e-003 ; 4.677015e-003 ; 1.136463e-002 ];
Tc_error_20  = [ 2.896455e+000 ; 2.277263e+000 ; 3.042678e+000 ];

%-- Image #21:
omc_21 = [ NaN ; NaN ; NaN ];
Tc_21  = [ NaN ; NaN ; NaN ];
omc_error_21 = [ NaN ; NaN ; NaN ];
Tc_error_21  = [ NaN ; NaN ; NaN ];

%-- Image #22:
omc_22 = [ 1.972998e+000 ; 1.686661e+000 ; 5.141394e-001 ];
Tc_22  = [ -1.336282e+002 ; -5.387622e+001 ; 4.827127e+002 ];
omc_error_22 = [ 4.468207e-003 ; 3.750788e-003 ; 7.060648e-003 ];
Tc_error_22  = [ 2.513729e+000 ; 1.945215e+000 ; 2.729296e+000 ];

%-- Image #23:
omc_23 = [ -2.188047e+000 ; -1.943170e+000 ; -4.808522e-001 ];
Tc_23  = [ -1.805519e+002 ; -9.293684e+000 ; 5.811360e+002 ];
