% Intrinsic and Extrinsic Camera Parameters
%
% This script file can be directly excecuted under Matlab to recover the camera intrinsic and extrinsic parameters.
% IMPORTANT: This file contains neither the structure of the calibration objects nor the image coordinates of the calibration points.
%            All those complementary variables are saved in the complete matlab data file Calib_Results.mat.
% For more information regarding the calibration model visit http://www.vision.caltech.edu/bouguetj/calib_doc/


%-- Focal length:
fc = [ 689.430034975806170 ; 688.940438540872490 ];

%-- Principal point:
cc = [ 327.300217071838860 ; 243.131002303848790 ];

%-- Skew coefficient:
alpha_c = 0.000000000000000;

%-- Distortion coefficients:
kc = [ -0.200382255653370 ; 0.038047881742724 ; -0.002915995547027 ; -0.000993708871608 ; 0.000000000000000 ];

%-- Focal length uncertainty:
fc_error = [ 2.337790887261308 ; 2.313158891869998 ];

%-- Principal point uncertainty:
cc_error = [ 2.728615814314962 ; 2.004339250811890 ];

%-- Skew coefficient uncertainty:
alpha_c_error = 0.000000000000000;

%-- Distortion coefficients uncertainty:
kc_error = [ 0.015799909980813 ; 0.115763217899700 ; 0.000593503689725 ; 0.000657134418084 ; 0.000000000000000 ];

%-- Image size:
nx = 640;
ny = 480;


%-- Various other variables (may be ignored if you do not use the Matlab Calibration Toolbox):
%-- Those variables are used to control which intrinsic parameters should be optimized

n_ima = 32;						% Number of calibration images
est_fc = [ 1 ; 1 ];					% Estimation indicator of the two focal variables
est_aspect_ratio = 1;				% Estimation indicator of the aspect ratio fc(2)/fc(1)
center_optim = 1;					% Estimation indicator of the principal point
est_alpha = 0;						% Estimation indicator of the skew coefficient
est_dist = [ 1 ; 1 ; 1 ; 1 ; 0 ];	% Estimation indicator of the distortion coefficients


%-- Extrinsic parameters:
%-- The rotation (omc_kk) and the translation (Tc_kk) vectors for every calibration image and their uncertainties

%-- Image #1:
omc_1 = [ 2.025088e+000 ; 2.109426e+000 ; 2.501845e-001 ];
Tc_1  = [ -1.107469e+002 ; -7.234717e+001 ; 3.649251e+002 ];
omc_error_1 = [ 3.315042e-003 ; 3.409727e-003 ; 6.725076e-003 ];
Tc_error_1  = [ 1.475883e+000 ; 1.087524e+000 ; 1.392191e+000 ];

%-- Image #2:
omc_2 = [ 1.904371e+000 ; 2.041572e+000 ; 4.694035e-001 ];
Tc_2  = [ -9.036465e+001 ; -7.370593e+001 ; 3.453707e+002 ];
omc_error_2 = [ 3.259154e-003 ; 3.008850e-003 ; 5.686481e-003 ];
Tc_error_2  = [ 1.393206e+000 ; 1.023889e+000 ; 1.319889e+000 ];

%-- Image #3:
omc_3 = [ 1.901987e+000 ; 1.882724e+000 ; 3.636324e-001 ];
Tc_3  = [ -6.997827e+001 ; -7.768388e+001 ; 3.464087e+002 ];
omc_error_3 = [ 3.152004e-003 ; 2.975473e-003 ; 5.310162e-003 ];
Tc_error_3  = [ 1.388104e+000 ; 1.013466e+000 ; 1.281830e+000 ];

%-- Image #4:
omc_4 = [ NaN ; NaN ; NaN ];
Tc_4  = [ NaN ; NaN ; NaN ];
omc_error_4 = [ NaN ; NaN ; NaN ];
Tc_error_4  = [ NaN ; NaN ; NaN ];

%-- Image #5:
omc_5 = [ 2.124873e+000 ; 1.872262e+000 ; -4.403765e-001 ];
Tc_5  = [ -1.222082e+002 ; -8.185340e+001 ; 4.553631e+002 ];
omc_error_5 = [ 2.649713e-003 ; 3.451812e-003 ; 6.045091e-003 ];
Tc_error_5  = [ 1.812106e+000 ; 1.336726e+000 ; 1.513872e+000 ];

%-- Image #6:
omc_6 = [ 2.217207e+000 ; 2.158725e+000 ; -4.194842e-001 ];
Tc_6  = [ -1.016310e+002 ; -7.786900e+001 ; 4.519414e+002 ];
omc_error_6 = [ 3.110590e-003 ; 3.579021e-003 ; 7.265354e-003 ];
Tc_error_6  = [ 1.789082e+000 ; 1.317913e+000 ; 1.483468e+000 ];

%-- Image #7:
omc_7 = [ -2.163757e+000 ; -2.194627e+000 ; 3.992928e-001 ];
Tc_7  = [ -9.493035e+001 ; -7.334017e+001 ; 4.449838e+002 ];
omc_error_7 = [ 3.675228e-003 ; 3.246867e-003 ; 7.224343e-003 ];
Tc_error_7  = [ 1.757815e+000 ; 1.296612e+000 ; 1.457005e+000 ];

%-- Image #8:
omc_8 = [ -2.121487e+000 ; -2.196198e+000 ; 3.843260e-001 ];
Tc_8  = [ -9.139931e+001 ; -6.959275e+001 ; 4.410390e+002 ];
omc_error_8 = [ 3.572587e-003 ; 3.378464e-003 ; 7.172383e-003 ];
Tc_error_8  = [ 1.740248e+000 ; 1.285177e+000 ; 1.441255e+000 ];

%-- Image #9:
omc_9 = [ -2.182346e+000 ; -2.231785e+000 ; 3.606807e-001 ];
Tc_9  = [ -9.401012e+001 ; -7.327359e+001 ; 4.378609e+002 ];
omc_error_9 = [ 3.693936e-003 ; 3.327454e-003 ; 7.484715e-003 ];
Tc_error_9  = [ 1.731430e+000 ; 1.275735e+000 ; 1.463630e+000 ];

%-- Image #10:
omc_10 = [ 2.178101e+000 ; 2.166705e+000 ; -2.472150e-001 ];
Tc_10  = [ -9.657042e+001 ; -8.304715e+001 ; 4.366398e+002 ];
omc_error_10 = [ 3.475745e-003 ; 3.811412e-003 ; 7.802611e-003 ];
Tc_error_10  = [ 1.735404e+000 ; 1.273345e+000 ; 1.524993e+000 ];

%-- Image #11:
omc_11 = [ 2.183264e+000 ; 2.150356e+000 ; -4.351520e-003 ];
Tc_11  = [ -9.698932e+001 ; -9.327207e+001 ; 4.272069e+002 ];
omc_error_11 = [ 3.903556e-003 ; 4.124120e-003 ; 8.523033e-003 ];
Tc_error_11  = [ 1.712068e+000 ; 1.253739e+000 ; 1.601864e+000 ];

%-- Image #12:
omc_12 = [ 2.164772e+000 ; 2.135533e+000 ; 1.098183e-001 ];
Tc_12  = [ -9.504047e+001 ; -1.003632e+002 ; 4.204712e+002 ];
omc_error_12 = [ 3.846760e-003 ; 4.069319e-003 ; 8.271885e-003 ];
Tc_error_12  = [ 1.692383e+000 ; 1.237666e+000 ; 1.602895e+000 ];

%-- Image #13:
omc_13 = [ 2.135569e+000 ; 2.139357e+000 ; 1.715793e-001 ];
Tc_13  = [ -9.432533e+001 ; -1.093825e+002 ; 4.172257e+002 ];
omc_error_13 = [ 3.746845e-003 ; 4.061546e-003 ; 8.009126e-003 ];
Tc_error_13  = [ 1.684717e+000 ; 1.230185e+000 ; 1.603056e+000 ];

%-- Image #14:
omc_14 = [ 2.061508e+000 ; 2.179371e+000 ; 2.656147e-001 ];
Tc_14  = [ -1.147384e+002 ; -1.090822e+002 ; 4.521418e+002 ];
omc_error_14 = [ 3.978036e-003 ; 4.605159e-003 ; 8.832855e-003 ];
Tc_error_14  = [ 1.832143e+000 ; 1.343605e+000 ; 1.783386e+000 ];

%-- Image #15:
omc_15 = [ 2.027375e+000 ; 2.136810e+000 ; 2.184569e-001 ];
Tc_15  = [ -1.188414e+002 ; -1.052621e+002 ; 4.573393e+002 ];
omc_error_15 = [ 3.836897e-003 ; 4.538497e-003 ; 8.363835e-003 ];
Tc_error_15  = [ 1.850593e+000 ; 1.355176e+000 ; 1.780973e+000 ];

%-- Image #16:
omc_16 = [ 2.022462e+000 ; 2.128187e+000 ; 2.162915e-001 ];
Tc_16  = [ -1.218343e+002 ; -1.079249e+002 ; 4.612591e+002 ];
omc_error_16 = [ 3.823827e-003 ; 4.582406e-003 ; 8.341079e-003 ];
Tc_error_16  = [ 1.867794e+000 ; 1.367098e+000 ; 1.797886e+000 ];

%-- Image #17:
omc_17 = [ 2.000488e+000 ; 2.125290e+000 ; 2.271507e-001 ];
Tc_17  = [ -1.202337e+002 ; -1.094570e+002 ; 4.455960e+002 ];
omc_error_17 = [ 3.631132e-003 ; 4.385066e-003 ; 7.828646e-003 ];
Tc_error_17  = [ 1.806932e+000 ; 1.321591e+000 ; 1.730763e+000 ];

%-- Image #18:
omc_18 = [ -1.836665e+000 ; -2.166597e+000 ; -7.057320e-001 ];
Tc_18  = [ -1.113052e+002 ; -6.843134e+001 ; 3.781338e+002 ];
omc_error_18 = [ 2.395990e-003 ; 3.621860e-003 ; 6.161640e-003 ];
Tc_error_18  = [ 1.512732e+000 ; 1.130501e+000 ; 1.551167e+000 ];

%-- Image #19:
omc_19 = [ -1.831052e+000 ; -2.159117e+000 ; -6.994239e-001 ];
Tc_19  = [ -1.149109e+002 ; -6.404774e+001 ; 3.690859e+002 ];
omc_error_19 = [ 2.364505e-003 ; 3.589195e-003 ; 6.087108e-003 ];
Tc_error_19  = [ 1.474958e+000 ; 1.105341e+000 ; 1.519337e+000 ];

%-- Image #20:
omc_20 = [ -1.869135e+000 ; -2.158107e+000 ; -6.896348e-001 ];
Tc_20  = [ -1.187713e+002 ; -6.694987e+001 ; 3.711180e+002 ];
omc_error_20 = [ 2.437130e-003 ; 3.560698e-003 ; 6.209070e-003 ];
Tc_error_20  = [ 1.485754e+000 ; 1.113806e+000 ; 1.530911e+000 ];

%-- Image #21:
omc_21 = [ -1.958811e+000 ; -2.191621e+000 ; -5.491630e-001 ];
Tc_21  = [ -1.728784e+002 ; -1.041474e+002 ; 5.890697e+002 ];
omc_error_21 = [ 4.389406e-003 ; 4.681978e-003 ; 9.405238e-003 ];
Tc_error_21  = [ 2.363946e+000 ; 1.771347e+000 ; 2.468626e+000 ];

%-- Image #22:
omc_22 = [ -1.854305e+000 ; -2.073270e+000 ; 6.001775e-002 ];
Tc_22  = [ -1.422163e+002 ; -1.018941e+002 ; 6.499855e+002 ];
omc_error_22 = [ 3.870426e-003 ; 4.467290e-003 ; 7.928971e-003 ];
Tc_error_22  = [ 2.588327e+000 ; 1.912102e+000 ; 2.322861e+000 ];

%-- Image #23:
omc_23 = [ NaN ; NaN ; NaN ];
Tc_23  = [ NaN ; NaN ; NaN ];
omc_error_23 = [ NaN ; NaN ; NaN ];
Tc_error_23  = [ NaN ; NaN ; NaN ];
