Cam0:

yaw =   -0.677106
pitch =   -0.051159
roll =   -1.528165
x =   -0.131408
y =    0.045366
z =    0.405755

Cam1: 

yaw =   -1.567838
pitch =   0.008358
roll =   -1.497930
x =   -0.111941	
y =   -0.000809
z =    0.405911


Cam2:

yaw =   -2.438419
pitch =    0.044613
roll =   -1.542439
x =   -0.127829
y =   -0.050056
z =    0.405885
