% Intrinsic and Extrinsic Camera Parameters
%
% This script file can be directly excecuted under Matlab to recover the camera intrinsic and extrinsic parameters.
% IMPORTANT: This file contains neither the structure of the calibration objects nor the image coordinates of the calibration points.
%            All those complementary variables are saved in the complete matlab data file Calib_Results.mat.
% For more information regarding the calibration model visit http://www.vision.caltech.edu/bouguetj/calib_doc/


%-- Focal length:
fc = [ 763.580510166232780 ; 763.833663455145820 ];

%-- Principal point:
cc = [ 303.096292489453390 ; 215.928737560088760 ];

%-- Skew coefficient:
alpha_c = 0.000000000000000;

%-- Distortion coefficients:
kc = [ -0.396951789956231 ; 0.113208649690266 ; 0.002404460710882 ; 0.000767993670152 ; 0.000000000000000 ];

%-- Focal length uncertainty:
fc_error = [ 6.367503514769489 ; 5.859318890080479 ];

%-- Principal point uncertainty:
cc_error = [ 8.608284346933194 ; 7.256380890438487 ];

%-- Skew coefficient uncertainty:
alpha_c_error = 0.000000000000000;

%-- Distortion coefficients uncertainty:
kc_error = [ 0.043024692959015 ; 0.511855997248104 ; 0.002149438146548 ; 0.001327484651953 ; 0.000000000000000 ];

%-- Image size:
nx = 640;
ny = 480;


%-- Various other variables (may be ignored if you do not use the Matlab Calibration Toolbox):
%-- Those variables are used to control which intrinsic parameters should be optimized

n_ima = 25;						% Number of calibration images
est_fc = [ 1 ; 1 ];					% Estimation indicator of the two focal variables
est_aspect_ratio = 1;				% Estimation indicator of the aspect ratio fc(2)/fc(1)
center_optim = 1;					% Estimation indicator of the principal point
est_alpha = 0;						% Estimation indicator of the skew coefficient
est_dist = [ 1 ; 1 ; 1 ; 1 ; 0 ];	% Estimation indicator of the distortion coefficients


%-- Extrinsic parameters:
%-- The rotation (omc_kk) and the translation (Tc_kk) vectors for every calibration image and their uncertainties

%-- Image #1:
omc_1 = [ 1.989099e+000 ; 2.015987e+000 ; -2.776282e-001 ];
Tc_1  = [ -1.074245e+002 ; -5.280014e+001 ; 6.517023e+002 ];
omc_error_1 = [ 7.186862e-003 ; 9.097389e-003 ; 1.659001e-002 ];
Tc_error_1  = [ 7.349697e+000 ; 6.191792e+000 ; 5.489979e+000 ];

%-- Image #2:
omc_2 = [ -2.103826e+000 ; -2.113749e+000 ; 4.040887e-001 ];
Tc_2  = [ -7.710067e+001 ; -3.587555e+001 ; 8.589501e+002 ];
omc_error_2 = [ 1.019593e-002 ; 9.833880e-003 ; 2.080451e-002 ];
Tc_error_2  = [ 9.660038e+000 ; 8.158143e+000 ; 6.831697e+000 ];

%-- Image #3:
omc_3 = [ 1.748522e+000 ; 1.663411e+000 ; 1.791226e-001 ];
Tc_3  = [ -9.055668e+001 ; -5.258941e+001 ; 6.102390e+002 ];
omc_error_3 = [ 8.609311e-003 ; 8.394472e-003 ; 1.281334e-002 ];
Tc_error_3  = [ 6.880281e+000 ; 5.805276e+000 ; 5.296445e+000 ];

%-- Image #4:
omc_4 = [ 2.092554e+000 ; 2.141351e+000 ; -2.174940e-001 ];
Tc_4  = [ -1.156858e+002 ; -6.098003e+001 ; 5.801982e+002 ];
omc_error_4 = [ 7.754550e-003 ; 9.292303e-003 ; 1.829654e-002 ];
Tc_error_4  = [ 6.548129e+000 ; 5.525851e+000 ; 5.022051e+000 ];

%-- Image #5:
omc_5 = [ 1.839553e+000 ; 1.832123e+000 ; 1.036787e-001 ];
Tc_5  = [ -9.992600e+001 ; -6.006790e+001 ; 5.959766e+002 ];
omc_error_5 = [ 8.296659e-003 ; 8.497384e-003 ; 1.393657e-002 ];
Tc_error_5  = [ 6.726822e+000 ; 5.674328e+000 ; 5.128726e+000 ];

%-- Image #6:
omc_6 = [ 1.358030e+000 ; 1.485215e+000 ; -1.135181e+000 ];
Tc_6  = [ -1.222147e+002 ; 8.236603e+001 ; 7.284126e+002 ];
omc_error_6 = [ 7.135869e-003 ; 1.029619e-002 ; 1.118334e-002 ];
Tc_error_6  = [ 8.238257e+000 ; 6.993538e+000 ; 5.556438e+000 ];

%-- Image #7:
omc_7 = [ 1.653992e+000 ; 1.647759e+000 ; 5.077575e-001 ];
Tc_7  = [ -1.380096e+002 ; -5.031229e+001 ; 7.031046e+002 ];
omc_error_7 = [ 9.173595e-003 ; 8.301633e-003 ; 1.219952e-002 ];
Tc_error_7  = [ 7.978236e+000 ; 6.742049e+000 ; 6.355722e+000 ];

%-- Image #8:
omc_8 = [ 2.041466e+000 ; 2.018393e+000 ; -3.005850e-001 ];
Tc_8  = [ -1.194534e+002 ; -1.985706e+002 ; 9.441663e+002 ];
omc_error_8 = [ 8.056673e-003 ; 1.135086e-002 ; 1.985087e-002 ];
Tc_error_8  = [ 1.079072e+001 ; 8.997171e+000 ; 8.500428e+000 ];

%-- Image #9:
omc_9 = [ 2.551101e+000 ; 1.046009e+000 ; -6.663049e-001 ];
Tc_9  = [ -1.538799e+002 ; 1.919076e+001 ; 8.412674e+002 ];
omc_error_9 = [ 8.848658e-003 ; 7.456301e-003 ; 1.709630e-002 ];
Tc_error_9  = [ 9.502480e+000 ; 8.042876e+000 ; 6.835341e+000 ];

%-- Image #10:
omc_10 = [ -1.934202e+000 ; -1.860554e+000 ; 5.164150e-001 ];
Tc_10  = [ -8.134689e+000 ; -3.228053e+001 ; 8.605218e+002 ];
omc_error_10 = [ 8.971585e-003 ; 8.435830e-003 ; 1.551494e-002 ];
Tc_error_10  = [ 9.680740e+000 ; 8.149475e+000 ; 6.635741e+000 ];

%-- Image #11:
omc_11 = [ 2.198484e+000 ; 2.215120e+000 ; -3.366157e-001 ];
Tc_11  = [ -3.359139e+001 ; -3.287764e+001 ; 8.671577e+002 ];
omc_error_11 = [ 1.353486e-002 ; 1.253112e-002 ; 2.853671e-002 ];
Tc_error_11  = [ 9.774609e+000 ; 8.213791e+000 ; 7.165482e+000 ];

%-- Image #12:
omc_12 = [ 1.884424e+000 ; 2.098346e+000 ; 5.701359e-001 ];
Tc_12  = [ -9.236257e+001 ; -5.886902e+001 ; 5.984997e+002 ];
omc_error_12 = [ 1.016662e-002 ; 7.993047e-003 ; 1.514463e-002 ];
Tc_error_12  = [ 6.765211e+000 ; 5.716033e+000 ; 5.443709e+000 ];

%-- Image #13:
omc_13 = [ -2.088454e+000 ; -2.123668e+000 ; 2.748163e-001 ];
Tc_13  = [ -1.147978e+002 ; -6.394030e+001 ; 5.649525e+002 ];
omc_error_13 = [ 8.586009e-003 ; 7.998016e-003 ; 1.768901e-002 ];
Tc_error_13  = [ 6.366520e+000 ; 5.392127e+000 ; 4.787888e+000 ];

%-- Image #14:
omc_14 = [ 1.851557e+000 ; 1.893776e+000 ; 2.506961e-001 ];
Tc_14  = [ -9.187792e+001 ; -6.475484e+001 ; 5.878496e+002 ];
omc_error_14 = [ 8.892285e-003 ; 8.402145e-003 ; 1.416454e-002 ];
Tc_error_14  = [ 6.637197e+000 ; 5.600051e+000 ; 5.093509e+000 ];

%-- Image #15:
omc_15 = [ 2.182139e+000 ; 2.209153e+000 ; -2.788504e-001 ];
Tc_15  = [ -1.013301e+002 ; -5.622666e+001 ; 6.681870e+002 ];
omc_error_15 = [ 9.174491e-003 ; 1.003939e-002 ; 2.103657e-002 ];
Tc_error_15  = [ 7.529651e+000 ; 6.351134e+000 ; 5.622170e+000 ];

%-- Image #16:
omc_16 = [ 1.834162e+000 ; 1.814180e+000 ; -1.631209e-001 ];
Tc_16  = [ -1.296724e+002 ; -3.500400e+001 ; 7.446342e+002 ];
omc_error_16 = [ 7.470891e-003 ; 9.011272e-003 ; 1.441409e-002 ];
Tc_error_16  = [ 8.400320e+000 ; 7.100100e+000 ; 6.330694e+000 ];

%-- Image #17:
omc_17 = [ -2.178076e+000 ; -2.197284e+000 ; 1.596388e-001 ];
Tc_17  = [ -1.306455e+002 ; -4.103283e+001 ; 7.860958e+002 ];
omc_error_17 = [ 1.188318e-002 ; 1.207492e-002 ; 2.627933e-002 ];
Tc_error_17  = [ 8.856334e+000 ; 7.510645e+000 ; 6.763106e+000 ];

%-- Image #18:
omc_18 = [ 1.578335e+000 ; 1.546486e+000 ; 5.821443e-001 ];
Tc_18  = [ -8.970002e+001 ; -5.698096e+001 ; 6.274379e+002 ];
omc_error_18 = [ 9.513905e-003 ; 8.405298e-003 ; 1.148218e-002 ];
Tc_error_18  = [ 7.088368e+000 ; 5.986144e+000 ; 5.678184e+000 ];

%-- Image #19:
omc_19 = [ -1.991935e+000 ; -2.067030e+000 ; 8.238846e-001 ];
Tc_19  = [ -1.156533e+002 ; -4.521600e+001 ; 7.447613e+002 ];
omc_error_19 = [ 1.050023e-002 ; 7.191507e-003 ; 1.557518e-002 ];
Tc_error_19  = [ 8.387691e+000 ; 7.101581e+000 ; 5.659041e+000 ];

%-- Image #20:
omc_20 = [ 1.939197e+000 ; 1.935564e+000 ; -3.752828e-001 ];
Tc_20  = [ -1.949062e+002 ; -2.435486e+001 ; 8.474157e+002 ];
omc_error_20 = [ 7.054348e-003 ; 1.017898e-002 ; 1.667067e-002 ];
Tc_error_20  = [ 9.550761e+000 ; 8.142445e+000 ; 7.466971e+000 ];

%-- Image #21:
omc_21 = [ 2.084738e+000 ; 2.165967e+000 ; -7.729238e-001 ];
Tc_21  = [ -2.798241e+001 ; -2.586117e+001 ; 8.492205e+002 ];
omc_error_21 = [ 6.845897e-003 ; 9.640735e-003 ; 1.794879e-002 ];
Tc_error_21  = [ 9.561816e+000 ; 8.038718e+000 ; 6.558204e+000 ];

%-- Image #22:
omc_22 = [ 2.035521e+000 ; 2.063089e+000 ; -1.085944e-001 ];
Tc_22  = [ -3.455639e+001 ; -4.874565e+001 ; 7.069456e+002 ];
omc_error_22 = [ 9.286755e-003 ; 9.370712e-003 ; 1.963409e-002 ];
Tc_error_22  = [ 7.972727e+000 ; 6.689896e+000 ; 5.854044e+000 ];

%-- Image #23:
