% Intrinsic and Extrinsic Camera Parameters
%
% This script file can be directly excecuted under Matlab to recover the camera intrinsic and extrinsic parameters.
% IMPORTANT: This file contains neither the structure of the calibration objects nor the image coordinates of the calibration points.
%            All those complementary variables are saved in the complete matlab data file Calib_Results.mat.
% For more information regarding the calibration model visit http://www.vision.caltech.edu/bouguetj/calib_doc/


%-- Focal length:
fc = [ 682.254311543709260 ; 683.179694397951950 ];

%-- Principal point:
cc = [ 364.004421685576920 ; 224.767584147891110 ];

%-- Skew coefficient:
alpha_c = 0.000000000000000;

%-- Distortion coefficients:
kc = [ -0.226965743969427 ; 0.266984713258868 ; -0.002669061478625 ; 0.004472451952276 ; 0.000000000000000 ];

%-- Focal length uncertainty:
fc_error = [ 12.122471128449851 ; 12.025159140472889 ];

%-- Principal point uncertainty:
cc_error = [ 18.764514037201742 ; 14.288587568858521 ];

%-- Skew coefficient uncertainty:
alpha_c_error = 0.000000000000000;

%-- Distortion coefficients uncertainty:
kc_error = [ 0.053921338518336 ; 0.250588957173416 ; 0.003590684319093 ; 0.005331420589157 ; 0.000000000000000 ];

%-- Image size:
nx = 640;
ny = 480;


%-- Various other variables (may be ignored if you do not use the Matlab Calibration Toolbox):
%-- Those variables are used to control which intrinsic parameters should be optimized

n_ima = 25;						% Number of calibration images
est_fc = [ 1 ; 1 ];					% Estimation indicator of the two focal variables
est_aspect_ratio = 1;				% Estimation indicator of the aspect ratio fc(2)/fc(1)
center_optim = 1;					% Estimation indicator of the principal point
est_alpha = 0;						% Estimation indicator of the skew coefficient
est_dist = [ 1 ; 1 ; 1 ; 1 ; 0 ];	% Estimation indicator of the distortion coefficients


%-- Extrinsic parameters:
%-- The rotation (omc_kk) and the translation (Tc_kk) vectors for every calibration image and their uncertainties

%-- Image #1:
omc_1 = [ -2.971859e+000 ; -5.682063e-002 ; -2.788440e-001 ];
Tc_1  = [ -1.718632e+002 ; 1.166692e+002 ; 7.303420e+002 ];
omc_error_1 = [ 3.394324e-002 ; 7.575267e-003 ; 5.761614e-002 ];
Tc_error_1  = [ 2.019609e+001 ; 1.546801e+001 ; 1.480508e+001 ];

%-- Image #2:
omc_2 = [ -2.827216e+000 ; -5.680361e-002 ; -2.185511e-001 ];
Tc_2  = [ -1.781376e+002 ; 1.821797e+002 ; 7.624313e+002 ];
omc_error_2 = [ 2.780194e-002 ; 1.082837e-002 ; 4.888430e-002 ];
Tc_error_2  = [ 2.128068e+001 ; 1.624548e+001 ; 1.548437e+001 ];

%-- Image #3:
omc_3 = [ -2.901131e+000 ; -6.856878e-002 ; -2.206986e-001 ];
Tc_3  = [ -1.825973e+002 ; 2.338792e+002 ; 7.564389e+002 ];
omc_error_3 = [ 2.919331e-002 ; 1.147629e-002 ; 5.251041e-002 ];
Tc_error_3  = [ 2.134352e+001 ; 1.624173e+001 ; 1.631866e+001 ];

%-- Image #4:
omc_4 = [ -2.318722e+000 ; 6.729744e-004 ; -1.696177e+000 ];
Tc_4  = [ -1.547533e+002 ; 5.324910e+000 ; 4.748365e+002 ];
omc_error_4 = [ 2.738278e-002 ; 1.626563e-002 ; 3.280499e-002 ];
Tc_error_4  = [ 1.332583e+001 ; 1.028786e+001 ; 1.047400e+001 ];

%-- Image #5:
omc_5 = [ -2.589826e+000 ; -2.873746e-003 ; -1.090035e+000 ];
Tc_5  = [ -1.796796e+002 ; 1.238220e+001 ; 4.972321e+002 ];
omc_error_5 = [ 2.415053e-002 ; 1.076901e-002 ; 3.559915e-002 ];
Tc_error_5  = [ 1.394220e+001 ; 1.078518e+001 ; 1.063614e+001 ];

%-- Image #6:
omc_6 = [ -2.856559e+000 ; 2.425033e-001 ; -5.393671e-002 ];
Tc_6  = [ -1.174997e+002 ; 2.366033e+001 ; 5.751252e+002 ];
omc_error_6 = [ 2.869475e-002 ; 5.911408e-003 ; 4.461442e-002 ];
Tc_error_6  = [ 1.580778e+001 ; 1.212100e+001 ; 1.052802e+001 ];

%-- Image #7:
omc_7 = [ -2.699164e+000 ; 3.488109e-001 ; 1.110957e+000 ];
Tc_7  = [ -2.692217e+001 ; 3.982493e+001 ; 6.844818e+002 ];
omc_error_7 = [ 2.272361e-002 ; 1.415344e-002 ; 3.771683e-002 ];
Tc_error_7  = [ 1.872702e+001 ; 1.431213e+001 ; 1.068259e+001 ];

%-- Image #8:
omc_8 = [ -2.696042e+000 ; 3.494343e-001 ; 8.479349e-001 ];
Tc_8  = [ -5.024247e+001 ; 4.444673e+001 ; 6.932989e+002 ];
omc_error_8 = [ 2.292549e-002 ; 1.261712e-002 ; 3.772071e-002 ];
Tc_error_8  = [ 1.897145e+001 ; 1.451645e+001 ; 1.097031e+001 ];

%-- Image #9:
omc_9 = [ -2.659400e+000 ; 1.690126e-001 ; 2.797687e-001 ];
Tc_9  = [ -1.177272e+002 ; 6.557856e+001 ; 7.235861e+002 ];
omc_error_9 = [ 2.433847e-002 ; 1.057091e-002 ; 3.967297e-002 ];
Tc_error_9  = [ 1.990823e+001 ; 1.524167e+001 ; 1.222992e+001 ];

%-- Image #10:
omc_10 = [ -2.535510e+000 ; 1.043355e-001 ; 1.042082e-001 ];
Tc_10  = [ -1.387997e+002 ; 1.163224e+002 ; 7.604177e+002 ];
omc_error_10 = [ 2.356721e-002 ; 1.315572e-002 ; 3.830222e-002 ];
Tc_error_10  = [ 2.106855e+001 ; 1.608854e+001 ; 1.335265e+001 ];

%-- Image #11:
omc_11 = [ -2.408954e+000 ; 9.245804e-002 ; 1.550196e-002 ];
Tc_11  = [ -1.519380e+002 ; 1.383723e+002 ; 7.926318e+002 ];
omc_error_11 = [ 2.308509e-002 ; 1.520806e-002 ; 3.594107e-002 ];
Tc_error_11  = [ 2.201392e+001 ; 1.682047e+001 ; 1.414274e+001 ];

%-- Image #12:
omc_12 = [ -2.853049e+000 ; 2.390824e-001 ; -1.473334e-001 ];
Tc_12  = [ -1.468816e+002 ; 7.291810e+001 ; 6.531044e+002 ];
omc_error_12 = [ 2.910650e-002 ; 7.389313e-003 ; 4.827463e-002 ];
Tc_error_12  = [ 1.798001e+001 ; 1.380895e+001 ; 1.228678e+001 ];

%-- Image #13:
omc_13 = [ 3.078018e+000 ; -2.537266e-001 ; 1.652708e-001 ];
Tc_13  = [ -1.512083e+002 ; 3.183321e+001 ; 5.817990e+002 ];
omc_error_13 = [ 3.392312e-002 ; 6.086031e-003 ; 5.412914e-002 ];
Tc_error_13  = [ 1.603362e+001 ; 1.240606e+001 ; 1.173667e+001 ];

%-- Image #14:
omc_14 = [ 2.663027e+000 ; -2.308625e-001 ; 1.645732e-001 ];
Tc_14  = [ -1.550112e+002 ; -2.869848e+001 ; 5.231230e+002 ];
omc_error_14 = [ 2.350014e-002 ; 1.292501e-002 ; 3.954405e-002 ];
Tc_error_14  = [ 1.438963e+001 ; 1.128707e+001 ; 1.102800e+001 ];

%-- Image #15:
omc_15 = [ 2.747659e+000 ; -2.309935e-001 ; 8.242135e-002 ];
Tc_15  = [ -1.687524e+002 ; 2.472206e+001 ; 5.887119e+002 ];
omc_error_15 = [ 2.508118e-002 ; 1.017629e-002 ; 4.150619e-002 ];
Tc_error_15  = [ 1.619703e+001 ; 1.259944e+001 ; 1.209358e+001 ];

%-- Image #16:
omc_16 = [ 2.915798e+000 ; -1.652506e-001 ; 1.722425e-001 ];
Tc_16  = [ -1.796805e+002 ; 7.160559e+001 ; 6.244501e+002 ];
omc_error_16 = [ 3.115946e-002 ; 6.774904e-003 ; 4.857012e-002 ];
Tc_error_16  = [ 1.728211e+001 ; 1.337968e+001 ; 1.304227e+001 ];

%-- Image #17:
omc_17 = [ 3.004905e+000 ; -1.736031e-001 ; 1.214585e-001 ];
Tc_17  = [ -1.850816e+002 ; 1.222745e+002 ; 6.640047e+002 ];
omc_error_17 = [ 4.284578e-002 ; 5.477346e-003 ; 5.982899e-002 ];
Tc_error_17  = [ 1.844741e+001 ; 1.425436e+001 ; 1.417658e+001 ];

%-- Image #18:
omc_18 = [ -3.095271e+000 ; 2.510338e-001 ; -4.410221e-002 ];
Tc_18  = [ -1.857506e+002 ; 1.748937e+002 ; 7.329119e+002 ];
omc_error_18 = [ 4.181493e-002 ; 9.691669e-003 ; 6.597269e-002 ];
Tc_error_18  = [ 2.044105e+001 ; 1.562864e+001 ; 1.525893e+001 ];

%-- Image #19:
omc_19 = [ -3.048258e+000 ; 5.579551e-001 ; 1.981073e-001 ];
Tc_19  = [ -1.563149e+002 ; 1.992626e+002 ; 7.662815e+002 ];
omc_error_19 = [ 3.318722e-002 ; 1.190735e-002 ; 5.688860e-002 ];
Tc_error_19  = [ 2.147202e+001 ; 1.628449e+001 ; 1.529363e+001 ];

%-- Image #20:
omc_20 = [ -2.906641e+000 ; 7.858494e-001 ; 2.541408e-001 ];
Tc_20  = [ -1.260187e+002 ; 1.963184e+002 ; 7.870699e+002 ];
omc_error_20 = [ 2.963714e-002 ; 1.377578e-002 ; 5.268743e-002 ];
Tc_error_20  = [ 2.200656e+001 ; 1.667111e+001 ; 1.509150e+001 ];

%-- Image #21:
omc_21 = [ -2.751970e+000 ; 1.029764e+000 ; -8.961088e-001 ];
Tc_21  = [ -5.681352e+001 ; 1.108511e+002 ; 7.334851e+002 ];
omc_error_21 = [ 3.046911e-002 ; 1.009603e-002 ; 4.194873e-002 ];
Tc_error_21  = [ 2.022623e+001 ; 1.542345e+001 ; 1.449064e+001 ];

%-- Image #22:
omc_22 = [ -2.776789e+000 ; 3.625955e-001 ; -8.292126e-001 ];
Tc_22  = [ -1.408967e+002 ; 1.127940e+002 ; 7.275081e+002 ];
omc_error_22 = [ 2.775486e-002 ; 1.005246e-002 ; 4.221914e-002 ];
Tc_error_22  = [ 2.013683e+001 ; 1.537992e+001 ; 1.476040e+001 ];

%-- Image #23:
