% Intrinsic and Extrinsic Camera Parameters
%
% This script file can be directly excecuted under Matlab to recover the camera intrinsic and extrinsic parameters.
% IMPORTANT: This file contains neither the structure of the calibration objects nor the image coordinates of the calibration points.
%            All those complementary variables are saved in the complete matlab data file Calib_Results.mat.
% For more information regarding the calibration model visit http://www.vision.caltech.edu/bouguetj/calib_doc/


%-- Focal length:
fc = [ 705.158516060214650 ; 705.630389239347440 ];

%-- Principal point:
cc = [ 296.125812907283430 ; 245.655492482723840 ];

%-- Skew coefficient:
alpha_c = 0.000000000000000;

%-- Distortion coefficients:
kc = [ -0.192095849073917 ; 0.040741421941194 ; 0.001986865774551 ; 0.000391976067346 ; 0.000000000000000 ];

%-- Focal length uncertainty:
fc_error = [ 20.688061555357603 ; 20.390895620770596 ];

%-- Principal point uncertainty:
cc_error = [ 23.694311849510374 ; 16.432637745749780 ];

%-- Skew coefficient uncertainty:
alpha_c_error = 0.000000000000000;

%-- Distortion coefficients uncertainty:
kc_error = [ 0.039488866539835 ; 0.136640686333742 ; 0.002683198494849 ; 0.004475433763022 ; 0.000000000000000 ];

%-- Image size:
nx = 640;
ny = 480;


%-- Various other variables (may be ignored if you do not use the Matlab Calibration Toolbox):
%-- Those variables are used to control which intrinsic parameters should be optimized

n_ima = 23;						% Number of calibration images
est_fc = [ 1 ; 1 ];					% Estimation indicator of the two focal variables
est_aspect_ratio = 1;				% Estimation indicator of the aspect ratio fc(2)/fc(1)
center_optim = 1;					% Estimation indicator of the principal point
est_alpha = 0;						% Estimation indicator of the skew coefficient
est_dist = [ 1 ; 1 ; 1 ; 1 ; 0 ];	% Estimation indicator of the distortion coefficients


%-- Extrinsic parameters:
%-- The rotation (omc_kk) and the translation (Tc_kk) vectors for every calibration image and their uncertainties

%-- Image #1:
omc_1 = [ -2.853202e+000 ; -4.872818e-002 ; 4.168887e-001 ];
Tc_1  = [ 7.680506e+001 ; -6.266853e+000 ; 8.101494e+002 ];
omc_error_1 = [ 3.483739e-002 ; 8.588092e-003 ; 5.207566e-002 ];
Tc_error_1  = [ 2.721605e+001 ; 1.883011e+001 ; 2.317560e+001 ];

%-- Image #2:
omc_2 = [ -2.790851e+000 ; -2.717310e-002 ; 3.911203e-001 ];
Tc_2  = [ 6.540144e+001 ; -3.000447e+001 ; 8.034553e+002 ];
omc_error_2 = [ 3.210096e-002 ; 8.250985e-003 ; 4.872813e-002 ];
Tc_error_2  = [ 2.697949e+001 ; 1.867890e+001 ; 2.293477e+001 ];

%-- Image #3:
omc_3 = [ -2.752724e+000 ; -5.845455e-002 ; 3.557014e-001 ];
Tc_3  = [ 5.048644e+001 ; -5.349350e+001 ; 7.924221e+002 ];
omc_error_3 = [ 3.105568e-002 ; 8.283561e-003 ; 4.712056e-002 ];
Tc_error_3  = [ 2.662037e+001 ; 1.842972e+001 ; 2.274656e+001 ];

%-- Image #4:
omc_4 = [ 2.805592e+000 ; 1.018841e-001 ; -5.654118e-001 ];
Tc_4  = [ 3.590541e+001 ; 2.057124e+002 ; 7.225652e+002 ];
omc_error_4 = [ 3.016042e-002 ; 8.281096e-003 ; 4.788258e-002 ];
Tc_error_4  = [ 2.483294e+001 ; 1.704534e+001 ; 2.247954e+001 ];

%-- Image #5:
omc_5 = [ 3.004780e+000 ; 3.249075e-002 ; -5.125332e-001 ];
Tc_5  = [ 5.302956e+001 ; 1.847258e+002 ; 7.584220e+002 ];
omc_error_5 = [ 3.636596e-002 ; 8.801304e-003 ; 5.828448e-002 ];
Tc_error_5  = [ 2.592430e+001 ; 1.775599e+001 ; 2.311338e+001 ];

%-- Image #6:
omc_6 = [ 2.747953e+000 ; 3.643225e-001 ; 1.556540e-001 ];
Tc_6  = [ -8.741927e+001 ; 1.456295e+002 ; 6.672046e+002 ];
omc_error_6 = [ 2.879797e-002 ; 7.082499e-003 ; 4.666507e-002 ];
Tc_error_6  = [ 2.283529e+001 ; 1.565420e+001 ; 2.292312e+001 ];

%-- Image #7:
omc_7 = [ 3.010769e+000 ; 2.057676e-001 ; 4.642690e-001 ];
Tc_7  = [ -1.754789e+002 ; 4.723991e+001 ; 6.849843e+002 ];
omc_error_7 = [ 3.131417e-002 ; 7.174293e-003 ; 5.205980e-002 ];
Tc_error_7  = [ 2.336040e+001 ; 1.621396e+001 ; 2.440995e+001 ];

%-- Image #8:
omc_8 = [ 3.034773e+000 ; 1.671713e-001 ; 4.924400e-001 ];
Tc_8  = [ -1.711102e+002 ; 4.231837e+001 ; 6.851988e+002 ];
omc_error_8 = [ 3.094816e-002 ; 7.082612e-003 ; 5.209841e-002 ];
Tc_error_8  = [ 2.335250e+001 ; 1.620300e+001 ; 2.427417e+001 ];

%-- Image #9:
omc_9 = [ 3.117129e+000 ; 1.189731e-001 ; 4.463073e-001 ];
Tc_9  = [ -1.593314e+002 ; 3.671119e+001 ; 7.024377e+002 ];
omc_error_9 = [ 3.213306e-002 ; 6.643247e-003 ; 5.445397e-002 ];
Tc_error_9  = [ 2.390773e+001 ; 1.655726e+001 ; 2.417441e+001 ];

%-- Image #10:
omc_10 = [ -2.983813e+000 ; -6.293234e-002 ; -2.666868e-001 ];
Tc_10  = [ -1.409036e+002 ; 3.415148e+001 ; 7.409139e+002 ];
omc_error_10 = [ 3.480731e-002 ; 5.987011e-003 ; 5.446236e-002 ];
Tc_error_10  = [ 2.508647e+001 ; 1.736611e+001 ; 2.426412e+001 ];

%-- Image #11:
omc_11 = [ -3.070474e+000 ; 9.736656e-002 ; 3.277877e-002 ];
Tc_11  = [ -5.711262e+001 ; 4.782812e+001 ; 7.444952e+002 ];
omc_error_11 = [ 4.378798e-002 ; 4.493456e-003 ; 6.270097e-002 ];
Tc_error_11  = [ 2.501775e+001 ; 1.732177e+001 ; 2.291327e+001 ];

%-- Image #12:
omc_12 = [ -3.057603e+000 ; 1.266823e-001 ; 2.509348e-001 ];
Tc_12  = [ -1.538880e+001 ; 5.139273e+001 ; 7.410010e+002 ];
omc_error_12 = [ 4.113661e-002 ; 5.387436e-003 ; 6.193480e-002 ];
Tc_error_12  = [ 2.484508e+001 ; 1.719482e+001 ; 2.210378e+001 ];

%-- Image #13:
omc_13 = [ 3.071412e+000 ; -1.245518e-001 ; -5.480904e-001 ];
Tc_13  = [ 1.477905e+001 ; 5.017656e+001 ; 7.346574e+002 ];
omc_error_13 = [ 3.174084e-002 ; 7.485708e-003 ; 5.534093e-002 ];
Tc_error_13  = [ 2.463528e+001 ; 1.706318e+001 ; 2.131437e+001 ];

%-- Image #14:
omc_14 = [ 3.040394e+000 ; -1.444152e-001 ; -7.540041e-001 ];
Tc_14  = [ 4.287972e+001 ; 4.791062e+001 ; 7.453898e+002 ];
omc_error_14 = [ 2.953705e-002 ; 8.171770e-003 ; 5.092899e-002 ];
Tc_error_14  = [ 2.500265e+001 ; 1.732199e+001 ; 2.098282e+001 ];

%-- Image #15:
omc_15 = [ 2.981779e+000 ; -1.358578e-001 ; -8.960058e-001 ];
Tc_15  = [ 5.631682e+001 ; 4.077711e+001 ; 7.477608e+002 ];
omc_error_15 = [ 2.892030e-002 ; 8.993570e-003 ; 4.823387e-002 ];
Tc_error_15  = [ 2.508047e+001 ; 1.739168e+001 ; 2.070580e+001 ];

%-- Image #16:
omc_16 = [ 2.910539e+000 ; -9.672760e-002 ; -1.021989e+000 ];
Tc_16  = [ 6.142218e+001 ; 2.853778e+001 ; 7.397364e+002 ];
omc_error_16 = [ 2.881807e-002 ; 1.019417e-002 ; 4.608946e-002 ];
Tc_error_16  = [ 2.479851e+001 ; 1.721169e+001 ; 2.023253e+001 ];

%-- Image #17:
omc_17 = [ 2.880968e+000 ; -1.168254e-001 ; -1.128031e+000 ];
Tc_17  = [ 8.781051e+001 ; 2.303264e+001 ; 7.268878e+002 ];
omc_error_17 = [ 2.884789e-002 ; 1.072762e-002 ; 4.428708e-002 ];
Tc_error_17  = [ 2.439991e+001 ; 1.694758e+001 ; 1.964567e+001 ];

%-- Image #18:
omc_18 = [ -2.795387e+000 ; 2.556298e-001 ; 9.215360e-001 ];
Tc_18  = [ 1.020940e+002 ; 3.132827e+001 ; 7.491373e+002 ];
omc_error_18 = [ 2.577991e-002 ; 1.022176e-002 ; 4.404182e-002 ];
Tc_error_18  = [ 2.516290e+001 ; 1.746703e+001 ; 2.003654e+001 ];

%-- Image #19:
omc_19 = [ -2.655859e+000 ; 2.420407e-001 ; 6.002452e-001 ];
Tc_19  = [ 9.094028e+001 ; 7.650302e+001 ; 8.106447e+002 ];
omc_error_19 = [ 2.635891e-002 ; 1.115295e-002 ; 4.301588e-002 ];
Tc_error_19  = [ 2.722130e+001 ; 1.887229e+001 ; 2.218532e+001 ];

%-- Image #20:
omc_20 = [ -2.652418e+000 ; 2.690644e-001 ; 4.759164e-001 ];
Tc_20  = [ 9.099194e+001 ; 1.062844e+002 ; 8.150814e+002 ];
omc_error_20 = [ 2.634467e-002 ; 1.163964e-002 ; 4.348549e-002 ];
Tc_error_20  = [ 2.743144e+001 ; 1.899674e+001 ; 2.266263e+001 ];

%-- Image #21:
omc_21 = [ 3.010533e+000 ; -3.754940e-002 ; -5.544156e-001 ];
Tc_21  = [ 2.127919e+001 ; 6.024619e+001 ; 6.543445e+002 ];
omc_error_21 = [ 2.900582e-002 ; 7.088564e-003 ; 5.045986e-002 ];
Tc_error_21  = [ 2.196523e+001 ; 1.520163e+001 ; 1.913339e+001 ];

%-- Image #22:
omc_22 = [ 3.080940e+000 ; 1.265703e-001 ; -5.350091e-001 ];
Tc_22  = [ 1.192622e+002 ; 4.479159e+001 ; 8.373136e+002 ];
omc_error_22 = [ 4.749119e-002 ; 1.031937e-002 ; 6.735827e-002 ];
Tc_error_22  = [ 2.820419e+001 ; 1.959946e+001 ; 2.489301e+001 ];

%-- Image #23:
